8703 -8263 8703 -8263
-1917 6364 -1917 -8391
93 8217 93 8217
-979 -8875 -979 -8875
-2863 -5745 938 -5745
-1253 -2450 -1253 2218
-283 -8226 -283 -8226
2887 1879 2887 5958
3958 -9996 3958 -9996
-3923 2812 -3923 2812
5875 1829 -3866 1829
2283 8639 -3927 2798
1332 -1831 1332 -1831
-3513 -5400 -3513 -2352
-244 7610 -244 4980
1955 5944 1955 -378
-8384 6733 -8384 6733
-9978 -9513 -9978 -9513
7018 5791 1931 5791
-5008 8203 6529 8093
-678 -7064 -2688 -1074
2386 -2571 2386 3946
-3173 7518 7343 -9051
2182 -7488 -2996 7443
4361 -9729 4361 -9729
-7059 -1684 -7059 208
6854 7431 6854 -8230
8572 7638 6527 -1019
2807 6629 2807 6629
7111 4394 7111 1763
3866 3227 3866 5217
4743 -6608 -2611 -6608
7356 -7272 7356 -7272
-1156 -6409 -1156 -6409
4784 3386 4784 3386
7905 -1903 -6852 -1903
3990 -7354 3990 -7354
-2443 -1313 8725 8058
-6886 1594 8328 1594
3983 8939 3983 8939